-8.143517816443553159e-02 3.100964505984831615e-03 -8.105163186435559997e-02 -7.571898430923082457e-02 -9.080909741956121051e-02 -7.404191146286148717e-02 -8.555426576616852186e-02
1.907044279221024874e-03 1.515923571786604359e-04 1.820331090318705975e-03 1.615514874693325552e-03 2.494410985384097525e-03 1.813210444834774046e-03 1.791754000874221705e-03
5.187486637384411736e+00 1.042354714261836852e-02 5.198218233461585847e+00 5.175427483343447044e+00 5.219538620777901095e+00 5.157752724149245793e+00 5.186496125189876238e+00
4.593113724231029371e-01 1.280827489769445059e-03 4.571380828038276167e-01 4.580855530074925408e-01 4.639641284496567319e-01 4.572439577067013428e-01 4.601251401478365644e-01
2.295999999999999943e+02 7.678541528180985232e+00 2.290000000000000000e+02 2.500000000000000000e+02 2.030000000000000000e+02 2.370000000000000000e+02 2.290000000000000000e+02
1.831085039969969852e+00 1.027879740718039411e-03 1.829077603311155542e+00 1.829533394054576378e+00 1.834910215450462179e+00 1.830838067954033921e+00 1.831065919079621684e+00
2.764558454960931444e-01 2.115672968176820698e-03 2.728881026094648332e-01 2.709715465133421541e-01 2.827657378740970340e-01 2.765737874097007332e-01 2.790800530738611340e-01
1.000000000000000000e+00 0.000000000000000000e+00 1.000000000000000000e+00 1.000000000000000000e+00 1.000000000000000000e+00 1.000000000000000000e+00 1.000000000000000000e+00
4.827758007117437522e+00 0.000000000000000000e+00 4.827758007117437522e+00 4.827758007117437522e+00 4.827758007117437522e+00 4.827758007117437522e+00 4.827758007117437522e+00
2.810000000000000000e+03 0.000000000000000000e+00 2.810000000000000000e+03 2.810000000000000000e+03 2.810000000000000000e+03 2.810000000000000000e+03 2.810000000000000000e+03
9.435300000000000000e+04 1.194111385089347550e+03 9.434300000000000000e+04 9.735100000000000000e+04 9.006500000000000000e+04 9.538900000000000000e+04 9.461700000000000000e+04
2.750449600000000093e+06 1.806625239394158416e+05 2.734118000000000000e+06 3.236739000000000000e+06 2.125151000000000000e+06 2.908653000000000000e+06 2.747587000000000000e+06
1.713599999999999909e+03 2.639999999999999858e+01 1.659000000000000000e+03 1.743000000000000000e+03 1.767000000000000000e+03 1.758000000000000000e+03 1.641000000000000000e+03
1.764000000000000057e+02 6.201612693485461847e+00 1.670000000000000000e+02 1.760000000000000000e+02 1.920000000000000000e+02 1.880000000000000000e+02 1.590000000000000000e+02
9.463245955973083046e-01 1.165414289671739509e-04 9.465809567771357180e-01 9.462880696081626963e-01 9.459418806344561670e-01 9.465557806636607507e-01 9.462562903031258577e-01
1.000000000000000000e+00 0.000000000000000000e+00 1.000000000000000000e+00 1.000000000000000000e+00 1.000000000000000000e+00 1.000000000000000000e+00 1.000000000000000000e+00
