-4.211037960254857340e-03 4.645940116085667433e-03 1.105613183798007972e-02 -3.610981228353245254e-03 -9.570822632031508390e-03 -1.904395452925097950e-03 -1.702512232594451461e-02
3.483328175868464355e-02 7.795573023130845632e-04 3.747547370944579598e-02 3.416773367477592832e-02 3.273278203708052808e-02 3.450132519899961475e-02 3.528909417312133673e-02
2.213598166539342937e+00 6.233145765896504903e-03 2.232323232323232265e+00 2.214158390628978790e+00 2.204651557592733901e+00 2.220524573465749718e+00 2.196333078686020013e+00
2.775339602925809834e-01 1.804932185059381858e-03 2.763306297789056565e-01 2.832885505299298501e-01 2.791958998855550433e-01 2.723623758106517023e-01 2.764923454578627204e-01
7.320000000000000284e+01 2.596150997149433870e+00 6.400000000000000000e+01 7.500000000000000000e+01 8.000000000000000000e+01 7.400000000000000000e+01 7.300000000000000000e+01
1.395522086504511927e+00 2.743441786170243771e-02 1.350998991159576779e+00 1.463019282671674359e+00 1.462419791912454636e+00 1.349881062015880095e+00 1.351291304762973766e+00
5.836526181353767218e-01 3.788607145387317028e-03 5.817369093231161692e-01 5.932311621966794846e-01 5.804597701149425415e-01 5.721583652618135174e-01 5.906768837803320071e-01
1.399999999999999911e+00 2.449489742783177715e-01 1.000000000000000000e+00 2.000000000000000000e+00 2.000000000000000000e+00 1.000000000000000000e+00 1.000000000000000000e+00
2.033766233766233711e+01 0.000000000000000000e+00 2.033766233766233711e+01 2.033766233766233711e+01 2.033766233766233711e+01 2.033766233766233711e+01 2.033766233766233711e+01
1.540000000000000000e+02 0.000000000000000000e+00 1.540000000000000000e+02 1.540000000000000000e+02 1.540000000000000000e+02 1.540000000000000000e+02 1.540000000000000000e+02
4.062080000000000291e+04 2.098717227260499669e+02 4.015700000000000000e+04 4.105600000000000000e+04 4.116900000000000000e+04 4.050400000000000000e+04 4.021800000000000000e+04
4.540075999999999767e+05 9.706220256103813881e+03 4.296410000000000000e+05 4.686000000000000000e+05 4.811690000000000000e+05 4.550260000000000000e+05 4.356020000000000000e+05
5.262199999999999818e+03 4.282452568330441522e+01 5.367000000000000000e+03 5.337000000000000000e+03 5.250000000000000000e+03 5.233000000000000000e+03 5.124000000000000000e+03
8.223600000000000364e+03 2.249236759436409159e+02 8.715000000000000000e+03 8.592000000000000000e+03 8.382000000000000000e+03 7.928000000000000000e+03 7.501000000000000000e+03
9.712042785342314133e-01 2.913764870781886921e-04 9.715767953342631102e-01 9.703729411003709782e-01 9.706641934804861593e-01 9.719006022717332494e-01 9.715068604843035693e-01
1.000000000000000000e+00 0.000000000000000000e+00 1.000000000000000000e+00 1.000000000000000000e+00 1.000000000000000000e+00 1.000000000000000000e+00 1.000000000000000000e+00
