-3.398743435559470338e-02 1.097645897645654553e-02 -1.046540854431683189e-02 -5.947509150843339337e-02 -5.384547328036808599e-03 -5.142005212795420360e-02 -4.319207226923225951e-02
2.846525768046498372e-02 3.393296436460264812e-04 2.937098831752773392e-02 2.897469303959887901e-02 2.771965867188939253e-02 2.765986717860850069e-02 2.860108119470043675e-02
2.843025605352943241e+00 1.001836265702968354e-02 2.857944946834940048e+00 2.855079664778561899e+00 2.834525820663155393e+00 2.807363609261651405e+00 2.860213985226407019e+00
4.348660352922131267e-01 2.602521542715634587e-03 4.435081754897201023e-01 4.274415169175975748e-01 4.342308159300631853e-01 4.361684474664078159e-01 4.329812206572771771e-01
6.620000000000000284e+01 1.067707825203131122e+00 6.300000000000000000e+01 6.500000000000000000e+01 6.800000000000000000e+01 6.600000000000000000e+01 6.900000000000000000e+01
1.433564630673282769e+00 8.993005681950488580e-04 1.436584044114667336e+00 1.431772184649779955e+00 1.434384091554318896e+00 1.431806685472662988e+00 1.433276147574985337e+00
4.245774647887323172e-01 2.197250811524319950e-03 4.288732394366197020e-01 4.246478873239436513e-01 4.172535211267605626e-01 4.228873239436619635e-01 4.292253521126760396e-01
1.000000000000000000e+00 0.000000000000000000e+00 1.000000000000000000e+00 1.000000000000000000e+00 1.000000000000000000e+00 1.000000000000000000e+00 1.000000000000000000e+00
1.632183908045977105e+01 0.000000000000000000e+00 1.632183908045977105e+01 1.632183908045977105e+01 1.632183908045977105e+01 1.632183908045977105e+01 1.632183908045977105e+01
3.480000000000000000e+02 0.000000000000000000e+00 3.480000000000000000e+02 3.480000000000000000e+02 3.480000000000000000e+02 3.480000000000000000e+02 3.480000000000000000e+02
7.321680000000000291e+04 3.475051654292349781e+02 7.417100000000000000e+04 7.223300000000000000e+04 7.339700000000000000e+04 7.363800000000000000e+04 7.264500000000000000e+04
7.815870000000000000e+05 8.674212621327655143e+03 7.948660000000000000e+05 7.598700000000000000e+05 7.924340000000000000e+05 7.995700000000000000e+05 7.611950000000000000e+05
7.414399999999999636e+03 9.378837881102326435e+01 7.782000000000000000e+03 7.339000000000000000e+03 7.322000000000000000e+03 7.372000000000000000e+03 7.257000000000000000e+03
8.673000000000000000e+03 4.462842143746516399e+02 1.038400000000000000e+04 8.250000000000000000e+03 8.300000000000000000e+03 8.615000000000000000e+03 7.816000000000000000e+03
9.438620531063236507e-01 5.661993729770225083e-04 9.419612128241251492e-01 9.454236485937705936e-01 9.435915372814379642e-01 9.439424589897541518e-01 9.443914078425303948e-01
1.000000000000000000e+00 0.000000000000000000e+00 1.000000000000000000e+00 1.000000000000000000e+00 1.000000000000000000e+00 1.000000000000000000e+00 1.000000000000000000e+00
